eval_accuracy = 0.6666667
eval_loss = 1.4049407
global_step = 219
loss = 1.3809048
