eval_accuracy = 0.65384614
eval_loss = 1.7946165
global_step = 219
loss = 1.7564287
