0.00063382223	0.99884135	0.00052488636
0.005683085	0.99388933	0.00042755652
0.0005132652	0.00079224067	0.9986945
0.00096135156	0.0005521162	0.9984865
0.99890006	0.00047865097	0.0006212715
0.00024179128	0.008649792	0.9911084
0.0005666221	0.0007593436	0.99867404
0.0005895806	0.00073575764	0.99867475
0.93717086	0.062292475	0.00053675356
0.0006710427	0.9988164	0.0005125586
0.010617372	0.98860276	0.0007797899
0.94168645	0.05716733	0.0011462197
0.00045795826	0.99893874	0.0006033196
0.06738601	0.9318409	0.0007730143
0.00042653593	0.998938	0.00063538936
0.9973794	0.0023664036	0.00025423276
0.0005354577	0.00077003805	0.9986945
0.0004866152	0.00088566536	0.9986278
0.0004888959	0.0008275501	0.9986835
0.9993074	0.00039404232	0.00029857174
0.00033116087	0.99875224	0.00091664505
0.9986098	0.00026625654	0.0011238632
0.0004379107	0.9989398	0.00062232243
0.9991641	0.00038661296	0.00044933977
0.00042948272	0.0011953954	0.99837506
0.00041922263	0.0010229386	0.99855787
0.999288	0.00033071783	0.0003813621
0.0005463769	0.0008251903	0.9986285
0.00051821186	0.0007888923	0.9986929
0.99482024	0.0003087706	0.004870918
0.0008411448	0.0006259141	0.9985329
0.0004352674	0.9989178	0.0006469916
0.99915063	0.00049071264	0.00035858876
0.000358279	0.00131654	0.99832517
0.0004921456	0.33031842	0.66918945
0.99915004	0.00055561267	0.0002942743
0.00062216586	0.0006821747	0.9986957
0.0011148206	0.0005526916	0.99833256
0.67867136	0.3200178	0.0013109151
0.00053462986	0.00076417794	0.9987012
0.000572598	0.00073203264	0.99869543
0.006470809	0.993083	0.00044615552
0.048874527	0.9438321	0.0072933757
0.00029275293	0.9986613	0.0010460237
0.998459	0.0004199025	0.0011211094
0.9983089	0.00062503765	0.0010660784
0.026475457	0.97163266	0.0018919446
0.00035436766	0.99876815	0.00087744143
0.9993057	0.00027316355	0.00042108304
0.00062993896	0.0006859696	0.9986841
0.9981504	0.0016190666	0.00023042859
0.00027574605	0.017197147	0.9825271
0.0004098907	0.9989017	0.0006883527
0.999283	0.00038926068	0.0003277338
0.00056555186	0.00075175485	0.9986827
0.9981336	0.00017541593	0.0016910346
0.9992873	0.00038112857	0.00033169615
0.00039199664	0.9989021	0.0007058841
0.0011417962	0.9971693	0.0016889257
0.0005616849	0.9988495	0.0005888254
0.0010600485	0.99847275	0.00046716383
0.00044632674	0.99872786	0.00082574354
0.00036394486	0.99886984	0.00076618616
0.99933714	0.00032787287	0.00033502036
0.0014982965	0.99806505	0.00043669832
0.011371844	0.98808694	0.0005411845
0.0014946521	0.0004813554	0.998024
0.0026635523	0.99624085	0.0010955937
0.0005920934	0.0007445187	0.9986634
0.00042376682	0.9988288	0.00074740354
0.99452245	0.00019741955	0.0052801487
0.9991984	0.00037653933	0.00042511773
0.0004278382	0.9989242	0.0006479152
0.99846977	0.0002376918	0.0012925292
0.0014073813	0.9981761	0.0004164957
0.00044852644	0.9989109	0.0006404883
0.0008993827	0.6971975	0.30190307
0.00054980116	0.000777344	0.99867284
0.00063986744	0.99870527	0.0006548438
0.00053601543	0.0008099963	0.998654
0.0013563286	0.9980609	0.0005827944
0.00037676707	0.9988907	0.00073257176
0.51196575	0.48674837	0.0012859271
0.0005233851	0.99888104	0.0005956743
0.00042366533	0.99890864	0.00066762255
0.99478686	0.004869863	0.00034336429
0.00083876215	0.00056066836	0.99860054
0.99931216	0.00028306508	0.00040474997
0.00034124896	0.99884254	0.0008162595
0.5013226	0.49701613	0.0016612735
0.00047651574	0.99891996	0.00060355576
0.011204943	0.98810273	0.00069221115
0.9992843	0.00038131632	0.00033442135
0.0008722903	0.99859995	0.000527722
0.99362355	0.006072905	0.0003035953
0.0004312354	0.9988973	0.0006715338
0.00034568112	0.9988918	0.00076251663
0.0011852502	0.0006563056	0.9981584
0.00055497827	0.0007864614	0.99865854
0.00066603767	0.0006531171	0.9986809
0.9989573	0.00034025637	0.0007024859
0.0002726605	0.99838364	0.0013436506
0.00057355774	0.9989003	0.0005261282
0.9993567	0.00031800126	0.00032535623
0.00042017386	0.99891186	0.0006679144
0.99892586	0.00081968715	0.0002544362
0.0006077868	0.998862	0.0005302814
0.00036054512	0.9988217	0.0008177985
0.88538074	0.113734156	0.0008851176
0.00047395163	0.0010689556	0.9984571
0.99934524	0.00027313503	0.00038154877
0.00034034712	0.99884593	0.00081374636
0.00075446005	0.99876606	0.0004794762
0.00058181386	0.99888617	0.000531999
0.00039533168	0.998898	0.0007065763
0.01444939	0.9841457	0.0014048616
0.0007127687	0.99880826	0.0004790305
0.0004551237	0.9989503	0.0005945747
0.99930835	0.0002956685	0.00039594955
0.00042503144	0.9989512	0.0006237624
0.000422324	0.99892956	0.0006480997
0.00075814745	0.998412	0.00082975597
0.9894776	0.00973643	0.00078598043
0.9967816	0.002947782	0.0002705141
0.9992181	0.00053396757	0.0002479195
0.0009756739	0.9985738	0.00045057663
0.99920076	0.00031995738	0.0004793131
0.0003424978	0.9988475	0.0008100759
0.0005404653	0.9987897	0.00066986564
0.99687755	0.0026853003	0.00043724637
0.00033182141	0.9988404	0.00082774356
0.00044696764	0.99890745	0.000645531
0.22408514	0.76516885	0.010745984
0.99219054	0.00035663592	0.007452806
0.0005519843	0.000744743	0.99870324
0.71461433	0.2843131	0.0010725916
0.99778545	0.00030077682	0.0019137646
0.12637398	0.001248756	0.8723773
0.99922776	0.0003404918	0.0004317431
0.0005463537	0.00077819685	0.9986754
0.0003610751	0.99888664	0.0007523406
0.9993079	0.0002747904	0.00041729413
0.019401874	0.9799222	0.0006760199
0.029433753	0.9699981	0.00056815235
0.00026524675	0.0052082064	0.99452657
0.00056747394	0.00076027476	0.99867225
0.9988587	0.0006588438	0.00048251622
0.00053290447	0.9989021	0.0005650359
0.00041537915	0.998941	0.00064360525
0.00039805163	0.99889165	0.0007102375
0.00038249994	0.99892634	0.0006912029
0.00031634065	0.99872965	0.0009540583
0.9777892	0.02187353	0.00033730763
0.99706143	0.00050646154	0.0024321275
0.99285674	0.004205006	0.0029382308
0.0004122337	0.0010321211	0.9985556
0.00049457856	0.9989053	0.0006001616
0.0005850452	0.00080016855	0.9986148
0.0024702947	0.9970548	0.00047481727
0.00038149048	0.99886864	0.0007498612
0.0003223342	0.9986106	0.0010669301
0.0016205045	0.99796283	0.00041666054
0.0005319948	0.0008006492	0.99866736
0.00027304378	0.059800576	0.9399264
0.9992581	0.00025379367	0.0004880672
0.00037090475	0.9985605	0.0010686321
0.999258	0.00047898918	0.00026307136
0.010088988	0.989484	0.00042695444
0.9986883	0.00089802674	0.00041365824
0.0040154303	0.24127816	0.7547064
0.0006362744	0.000718574	0.9986451
0.0005611891	0.00075347297	0.9986853
0.78498155	0.21302044	0.0019980415
0.0005370895	0.00078521215	0.9986777
0.9991732	0.00043515704	0.0003916382
0.0004974034	0.9954507	0.0040519326
0.0004929168	0.99893564	0.00057151326
0.00038644084	0.9987583	0.0008552055
0.00083865825	0.99869305	0.00046836707
0.9992429	0.00026144818	0.0004956501
0.00054293236	0.9988851	0.0005719052
0.00041228833	0.0010529999	0.9985347
0.00043665103	0.99880433	0.0007590589
0.0003985875	0.17609465	0.8235068
